0.434731 3
0.279821 0
0.466264 2
0.304219 0
0.532290 3
0.329956 0
0.549591 2
0.372262 0
0.648437 2
0.388974 0
0.672429 3
0.458801 0
0.774163 2
0.464795 0
0.813039 2
0.546985 0
0.901361 0
0.576184 0
0.996809 2
0.621092 0
0.409512 2
0.280492 0
0.465697 2
0.294173 0
0.517077 3
0.334086 0
0.545797 2
0.358130 0
0.634569 3
0.390999 0
0.646264 2
0.451059 0
0.772410 2
0.463039 0
0.776415 2
0.548162 0
0.910465 0
0.552446 0
0.984044 2
0.656246 0
0.392624 1
0.293725 0
0.454254 1
0.306218 0
0.478244 1
0.353007 0
0.537889 1
0.373506 0
0.581506 1
0.415569 0
0.627096 1
0.453084 0
0.749740 3
0.482704 0
0.752068 3
0.542104 0
0.919662 2
0.552968 0
0.920222 2
0.749990 0
0.458941 2
0.275921 0
0.479624 3
0.324325 0
0.551684 2
0.336956 0
0.583667 2
0.389668 0
0.649692 2
0.412350 0
0.708022 2
0.458492 0
0.754781 2
0.500201 0
0.847261 2
0.532428 0
0.873468 0
0.598349 0
0.999974 2
0.601112 0
0.450247 2
0.265906 0
0.469883 3
0.317709 0
0.547158 2
0.325878 0
0.572671 3
0.386529 0
0.652587 2
0.403335 0
0.696265 2
0.460743 0
0.761904 2
0.490832 0
0.843039 2
0.537517 0
0.882291 0
0.595726 0
0.999871 2
0.602966 0
0.442443 3
0.252395 0
0.456688 3
0.309269 0
0.537955 2
0.312692 0
0.556316 3
0.379027 0
0.651717 2
0.390491 0
0.685068 3
0.460402 0
0.768245 2
0.475953 0
0.832932 2
0.542177 0
0.891203 0
0.589245 0
0.999357 2
0.607909 0
0.429541 3
0.239473 0
0.433581 3
0.295714 0
0.529003 3
0.301987 0
0.531859 3
0.366074 0
0.644664 2
0.370845 0
0.670465 3
0.455427 0
0.772313 2
0.458316 0
0.810891 2
0.545600 0
0.900205 0
0.574534 0
0.996787 2
0.621090 0
0.391812 3
0.235016 0
0.403580 3
0.277532 0
0.511038 3
0.289520 0
0.515780 3
0.344449 0
0.631748 3
0.354653 0
0.634268 3
0.444607 0
0.769865 2
0.449789 0
0.772386 2
0.545637 0
0.909298 0
0.548157 0
0.983933 2
0.656241 0
0.367807 1
0.242853 0
0.383856 1
0.286925 0
0.453162 1
0.300262 0
0.471791 1
0.357090 0
0.561441 1
0.369384 0
0.576357 1
0.437325 0
0.748295 3
0.449801 0
0.749638 3
0.536548 0
0.918483 2
0.542086 0
0.919666 2
0.749976 0
0.384752 3
0.243424 0
0.458843 3
0.262857 0
0.473284 3
0.306290 0
0.561285 3
0.327415 0
0.578955 3
0.390954 0
0.688131 3
0.406070 0
0.703417 2
0.478069 0
0.838286 2
0.496051 0
0.847230 2
0.592509 0
0.999936 2
0.598331 0
0.363327 3
0.213263 0
0.435867 3
0.239817 0
0.461135 3
0.281665 0
0.535109 3
0.307031 0
0.566077 3
0.364408 0
0.678137 3
0.392793 0
0.690059 3
0.453139 0
0.821713 2
0.479977 0
0.842824 2
0.580345 0
0.999680 2
0.595551 0
0.344095 4
0.173016 0
0.395686 4
0.200824 0
0.438687 3
0.240234 0
0.510873 4
0.278836 0
0.539913 3
0.314941 0
0.656813 3
0.365689 0
0.681759 3
0.419590 0
0.788781 2
0.448020 0
0.831920 2
0.549188 0
0.998400 2
0.588135 0
0.323375 4
0.101250 0
0.360125 4
0.133125 0
0.402406 4
0.150938 0
0.489688 4
0.228281 0
0.515281 4
0.235312 0
0.604531 3
0.311484 0
0.663687 3
0.363750 0
0.755156 3
0.387656 0
0.807063 2
0.472500 0
0.992000 2
0.568359 0
0.240000 4
0.000000 0
0.270000 4
0.000000 0
0.355000 4
0.000000 0
0.402500 4
0.112500 0
0.496250 4
0.112500 0
0.515000 4
0.206250 0
0.624375 3
0.243750 0
0.726250 3
0.271875 0
0.761875 3
0.300000 0
0.960000 2
0.515625 0
0.000000 0
0.000000 0
0.000000 0
0.000000 0
0.000000 0
0.000000 0
0.000000 0
0.000000 0
0.300000 4
0.000000 0
0.300000 4
0.000000 0
0.550000 4
0.000000 0
0.650000 3
0.000000 0
0.725000 3
0.000000 0
0.800000 2
0.375000 0
0.000000 0
0.000000 0
